0 0.7984375 0.2551867219917012 0.10312500000000001 0.23651452282157676
1 0.846875 0.13692946058091288 0.046875 0.11618257261410789
0 0.6843750000000001 0.262448132780083 0.09062500000000001 0.2012448132780083
0 0.33359375 0.8018672199170125 0.1640625 0.3091286307053942
0 0.49531250000000004 0.1950207468879668 0.1 0.16182572614107885
0 0.5789062500000001 0.7136929460580913 0.1546875 0.35269709543568467
0 0.4296875 0.1275933609958506 0.05 0.12240663900414937
1 0.578125 0.2717842323651452 0.059375000000000004 0.17427385892116182
1 0.7976562500000001 0.6566390041493776 0.09843750000000001 0.24688796680497926
1 0.5859375 0.08921161825726141 0.05 0.09958506224066391
1 0.7312500000000001 0.07468879668049792 0.05 0.0912863070539419
1 0.7914062500000001 0.07157676348547717 0.051562500000000004 0.08091286307053942
