0 0.55 0.4387966804979253 0.115625 0.18049792531120332
0 0.59765625 0.241701244813278 0.1046875 0.15560165975103735
0 0.41953125 0.28734439834024894 0.1046875 0.18464730290456433
1 0.72578125 0.12240663900414937 0.0484375 0.1037344398340249
1 0.790625 0.6421161825726142 0.065625 0.18049792531120332
1 0.66796875 0.5632780082987552 0.0671875 0.17634854771784234
1 0.5234375 0.7645228215767634 0.065625 0.2095435684647303
0 0.2671875 0.8485477178423236 0.12812500000000002 0.2821576763485477
0 0.50546875 0.09647302904564316 0.1046875 0.10580912863070539
1 0.8695312500000001 0.21058091286307054 0.060937500000000006 0.14315352697095435
1 0.8562500000000001 0.47406639004149376 0.07500000000000001 0.17634854771784234
