1 0.5007812500000001 0.32053941908713696 0.0421875 0.14315352697095435
1 0.5796875 0.3091286307053942 0.034375 0.14937759336099585
1 0.61640625 0.22614107883817428 0.0328125 0.13278008298755187
1 0.75703125 0.19605809128630705 0.0546875 0.12655601659751037
1 0.7835937500000001 0.5809128630705395 0.051562500000000004 0.1908713692946058
1 0.6171875 0.8630705394190872 0.10625000000000001 0.21991701244813278
0 0.6859375000000001 0.35477178423236516 0.125 0.23236514522821577
0 0.44921875 0.23029045643153526 0.0734375 0.17012448132780084
1 0.8250000000000001 0.13070539419087138 0.05 0.11203319502074689
1 0.8703125 0.9190871369294605 0.09062500000000001 0.15352697095435686
0 0.64453125 0.07780082987551867 0.08281250000000001 0.08091286307053942
