0 0.478125 0.8682572614107884 0.21875 0.2551867219917012
0 0.3796875 0.5684647302904564 0.18125000000000002 0.25311203319502074
1 0.2625 0.8827800829875518 0.08125 0.23443983402489627
1 0.7953125000000001 0.8578838174273858 0.109375 0.2551867219917012
1 0.5593750000000001 0.14522821576763487 0.046875 0.13692946058091288
1 0.71875 0.1078838174273859 0.053125000000000006 0.13692946058091288
1 0.71484375 0.31224066390041494 0.07968750000000001 0.17219917012448133
1 0.83515625 0.29564315352697096 0.06406250000000001 0.17219917012448133
1 0.62109375 0.28112033195020747 0.06406250000000001 0.18049792531120332
1 0.80390625 0.0912863070539419 0.051562500000000004 0.11203319502074689
