0 0.38984375000000004 0.6047717842323651 0.1265625 0.24688796680497926
0 0.5453125 0.31950207468879666 0.125 0.1825726141078838
1 0.29765625 0.4367219917012448 0.0546875 0.16804979253112035
1 0.6312500000000001 0.25311203319502074 0.040625 0.15352697095435686
1 0.6734375 0.3184647302904564 0.03125 0.15145228215767634
1 0.8078125 0.29356846473029047 0.059375000000000004 0.16804979253112035
0 0.6828125 0.8672199170124482 0.2 0.24896265560165975
0 0.48671875000000003 0.08402489626556017 0.0890625 0.08506224066390042
0 0.61328125 0.09854771784232365 0.09843750000000001 0.10995850622406639
0 0.71796875 0.09024896265560166 0.0703125 0.09336099585062241
