0 0.45390625 0.3879668049792531 0.0921875 0.17842323651452283
2 0.5796875 0.6161825726141079 0.19375 0.5477178423236515
1 0.6921875000000001 0.14315352697095435 0.034375 0.12033195020746888
1 0.7125 0.3775933609958506 0.043750000000000004 0.16597510373443983
1 0.7585937500000001 0.6908713692946058 0.0734375 0.1950207468879668
1 0.86484375 0.8360995850622407 0.06406250000000001 0.23236514522821577
1 0.6414062500000001 0.25933609958506226 0.0546875 0.15352697095435686
1 0.8382812500000001 0.14107883817427386 0.051562500000000004 0.15767634854771784
1 0.49921875000000004 0.09232365145228216 0.045312500000000006 0.09336099585062241
1 0.34921875 0.8941908713692946 0.08281250000000001 0.2033195020746888
1 0.16953125000000002 0.9149377593360996 0.0890625 0.14937759336099585
