0 0.46875 0.13278008298755187 0.115625 0.17842323651452283
1 0.7078125000000001 0.19398340248962656 0.046875 0.10995850622406639
1 0.7234375000000001 0.1016597510373444 0.046875 0.1037344398340249
1 0.6335937500000001 0.1078838174273859 0.051562500000000004 0.12033195020746888
1 0.5203125000000001 0.42531120331950206 0.065625 0.18672199170124482
1 0.6179687500000001 0.49377593360995853 0.0578125 0.17842323651452283
1 0.6171875 0.8599585062240664 0.084375 0.23858921161825727
1 0.9390625 0.8931535269709544 0.065625 0.1887966804979253
1 0.7992187500000001 0.8931535269709544 0.08281250000000001 0.1887966804979253
1 0.8484375000000001 0.1441908713692946 0.05625 0.14315352697095435
