0 0.39609375 0.26141078838174275 0.1171875 0.1908713692946058
1 0.7734375 0.12966804979253113 0.043750000000000004 0.13485477178423236
1 0.72578125 0.3049792531120332 0.0421875 0.17842323651452283
1 0.8289062500000001 0.8651452282157677 0.0734375 0.2157676348547718
0 0.19062500000000002 0.8838174273858921 0.23750000000000002 0.1950207468879668
0 0.46015625000000004 0.8993775933609959 0.21406250000000002 0.16804979253112035
1 0.8 0.4284232365145228 0.043750000000000004 0.16804979253112035
1 0.88984375 0.3962655601659751 0.06406250000000001 0.15767634854771784
1 0.9125000000000001 0.7136929460580913 0.059375000000000004 0.19917012448132781
0 0.6390625000000001 0.0975103734439834 0.10312500000000001 0.0912863070539419
0 0.625 0.24481327800829875 0.096875 0.14107883817427386
