1 0.8992187500000001 0.5134854771784232 0.08281250000000001 0.1887966804979253
1 0.7265625 0.6234439834024896 0.043750000000000004 0.2095435684647303
1 0.63828125 0.36099585062240663 0.0578125 0.17012448132780084
1 0.55625 0.3163900414937759 0.05625 0.17219917012448133
1 0.5593750000000001 0.11929460580912864 0.046875 0.13070539419087138
0 0.46406250000000004 0.19398340248962656 0.08750000000000001 0.14315352697095435
0 0.41875 0.5352697095435685 0.125 0.2157676348547718
0 0.6578125 0.15145228215767634 0.096875 0.12448132780082988
0 0.2265625 0.8879668049792531 0.203125 0.18672199170124482
0 0.509375 0.9014522821576764 0.17500000000000002 0.18464730290456433
