0 0.3875 0.7033195020746889 0.1625 0.27385892116182575
0 0.46640625 0.19605809128630705 0.1015625 0.15145228215767634
0 0.64609375 0.14937759336099585 0.0765625 0.16597510373443983
1 0.78671875 0.25 0.045312500000000006 0.11825726141078838
1 0.7757812500000001 0.3827800829875519 0.060937500000000006 0.15145228215767634
1 0.6625000000000001 0.4221991701244813 0.0625 0.17219917012448133
1 0.665625 0.6773858921161826 0.065625 0.2012448132780083
1 0.89765625 0.8609958506224067 0.0703125 0.24066390041493776
0 0.5242187500000001 0.9242738589211619 0.1390625 0.15145228215767634
0 0.209375 0.9097510373443983 0.184375 0.17634854771784234
