0 0.4890625 0.2842323651452282 0.115625 0.16597510373443983
1 0.6625000000000001 0.21784232365145229 0.046875 0.07883817427385892
0 0.66171875 0.34647302904564314 0.1046875 0.18672199170124482
1 0.24609375 0.8091286307053942 0.0671875 0.24066390041493776
1 0.76875 0.27282157676348545 0.05 0.14730290456431536
1 0.8656250000000001 0.3309128630705394 0.05 0.14730290456431536
1 0.7609375 0.8620331950207469 0.09062500000000001 0.25103734439834025
1 0.52890625 0.5881742738589212 0.1078125 0.17634854771784234
1 0.43281250000000004 0.6981327800829875 0.078125 0.23029045643153526
1 0.6531250000000001 0.08195020746887967 0.05 0.08506224066390042
