0 0.27890625 0.8568464730290456 0.2015625 0.2863070539419087
1 0.7234375000000001 0.19605809128630705 0.06875 0.13900414937759337
1 0.7468750000000001 0.40352697095435686 0.06875 0.18049792531120332
1 0.6742187500000001 0.47614107883817425 0.0765625 0.18464730290456433
1 0.52109375 0.6026970954356846 0.08281250000000001 0.21369294605809128
1 0.86328125 0.4948132780082988 0.0578125 0.17634854771784234
1 0.28828125 0.6327800829875518 0.0765625 0.1825726141078838
0 0.5203125000000001 0.14522821576763487 0.109375 0.13692946058091288
0 0.6218750000000001 0.31224066390041494 0.10625000000000001 0.15145228215767634
0 0.8695312500000001 0.7593360995850622 0.1859375 0.3278008298755187
0 0.65234375 0.716804979253112 0.1234375 0.22199170124481327
1 0.5953125 0.9014522821576764 0.10312500000000001 0.16390041493775934
