0 0.6726562500000001 0.3454356846473029 0.1015625 0.1887966804979253
0 0.33359375 0.45228215767634855 0.11093750000000001 0.19917012448132781
0 0.5476562500000001 0.2157676348547718 0.1203125 0.17842323651452283
1 0.8031250000000001 0.37863070539419086 0.05 0.15145228215767634
1 0.7609375 0.6514522821576764 0.06875 0.1908713692946058
1 0.66171875 0.8672199170124482 0.045312500000000006 0.1908713692946058
1 0.59609375 0.7282157676348547 0.0671875 0.1908713692946058
1 0.51015625 0.46887966804979253 0.0671875 0.16597510373443983
1 0.40937500000000004 0.5300829875518672 0.053125000000000006 0.15560165975103735
1 0.371875 0.6898340248962656 0.07500000000000001 0.1970954356846473
1 0.5007812500000001 0.6556016597510373 0.060937500000000006 0.21991701244813278
1 0.9187500000000001 0.7728215767634855 0.0625 0.18049792531120332
1 0.9046875000000001 0.9118257261410788 0.0625 0.15560165975103735
