1 0.5359375000000001 0.20850622406639005 0.046875 0.13070539419087138
1 0.77890625 0.1607883817427386 0.045312500000000006 0.11410788381742738
1 0.7296875 0.28112033195020747 0.053125000000000006 0.12240663900414937
1 0.6640625 0.29149377593361 0.05 0.14730290456431536
1 0.6046875 0.245850622406639 0.05 0.15975103734439833
1 0.45703125 0.245850622406639 0.045312500000000006 0.12655601659751037
1 0.4578125 0.38900414937759337 0.05 0.12240663900414937
1 0.46328125000000003 0.6099585062240664 0.0578125 0.2033195020746888
1 0.85703125 0.17116182572614108 0.0578125 0.1016597510373444
1 0.83984375 0.262448132780083 0.0484375 0.12655601659751037
0 0.6179687500000001 0.5518672199170125 0.1453125 0.26141078838174275
0 0.27734375 0.8547717842323651 0.1859375 0.2697095435684647
