2 0.6742187500000001 0.38381742738589214 0.1390625 0.27800829875518673
0 0.49609375 0.4315352697095436 0.0765625 0.18672199170124482
0 0.56484375 0.8537344398340249 0.1484375 0.2717842323651452
0 0.34609375000000003 0.6742738589211619 0.1453125 0.3070539419087137
0 0.45859375 0.13278008298755187 0.1078125 0.15767634854771784
0 0.578125 0.25311203319502074 0.09062500000000001 0.13278008298755187
1 0.5796875 0.14107883817427386 0.040625 0.08713692946058091
1 0.73828125 0.17219917012448133 0.0703125 0.13692946058091288
1 0.8296875 0.39730290456431533 0.078125 0.17634854771784234
1 0.8718750000000001 0.6296680497925311 0.0625 0.2053941908713693
