0 0.728125 0.11514522821576763 0.084375 0.13070539419087138
1 0.4 0.8402489626556017 0.078125 0.2572614107883817
1 0.75546875 0.26867219917012447 0.0484375 0.13900414937759337
1 0.76484375 0.5155601659751038 0.045312500000000006 0.18049792531120332
1 0.80859375 0.6058091286307054 0.0421875 0.2074688796680498
1 0.8828125 0.7043568464730291 0.053125000000000006 0.22199170124481327
1 0.80390625 0.8506224066390041 0.060937500000000006 0.2157676348547718
1 0.5328125 0.9014522821576764 0.07187500000000001 0.16390041493775934
1 0.6898437500000001 0.9284232365145229 0.0671875 0.12655601659751037
1 0.240625 0.9346473029045643 0.084375 0.10995850622406639
