1 0.42812500000000003 0.22510373443983403 0.040625 0.14315352697095435
1 0.509375 0.22302904564315354 0.034375 0.12655601659751037
1 0.5734375 0.28526970954356845 0.034375 0.10995850622406639
1 0.628125 0.48443983402489627 0.040625 0.17219917012448133
1 0.4890625 0.4678423236514523 0.053125000000000006 0.18049792531120332
1 0.36015625 0.5425311203319502 0.0578125 0.1970954356846473
1 0.67109375 0.34232365145228216 0.0421875 0.13692946058091288
1 0.5945312500000001 0.18568464730290457 0.0390625 0.10580912863070539
0 0.51875 0.09647302904564316 0.09375 0.10580912863070539
2 0.80859375 0.15975103734439833 0.15156250000000002 0.23236514522821577
2 0.7703125000000001 0.6431535269709544 0.215625 0.5726141078838174
