0 0.5437500000000001 0.44190871369294604 0.146875 0.19917012448132781
0 0.6140625000000001 0.2095435684647303 0.12187500000000001 0.15352697095435686
0 0.53046875 0.8910788381742739 0.15781250000000002 0.1887966804979253
0 0.25546875 0.8423236514522822 0.16718750000000002 0.2987551867219917
1 0.7742187500000001 0.29045643153526973 0.06406250000000001 0.17012448132780084
1 0.48515625 0.19917012448132781 0.045312500000000006 0.14107883817427386
1 0.340625 0.3682572614107884 0.05 0.15975103734439833
1 0.434375 0.36721991701244816 0.059375000000000004 0.17427385892116182
1 0.6937500000000001 0.7572614107883817 0.109375 0.2863070539419087
0 0.5164062500000001 0.1016597510373444 0.1234375 0.11203319502074689
