0 0.29765625 0.8360995850622407 0.1921875 0.3236514522821577
0 0.4546875 0.2437759336099585 0.11875000000000001 0.19294605809128632
0 0.58125 0.12551867219917012 0.08125 0.14730290456431536
0 0.465625 0.49896265560165975 0.140625 0.24273858921161826
0 0.6484375 0.245850622406639 0.09062500000000001 0.17634854771784234
0 0.7609375 0.4408713692946058 0.109375 0.1887966804979253
1 0.73828125 0.27385892116182575 0.060937500000000006 0.13278008298755187
1 0.8890625000000001 0.4242738589211618 0.059375000000000004 0.18464730290456433
1 0.7210937500000001 0.6141078838174274 0.0578125 0.1825726141078838
1 0.571875 0.6981327800829875 0.09062500000000001 0.22199170124481327
1 0.7578125 0.11410788381742738 0.05625 0.12863070539419086
1 0.48828125 0.09232365145228216 0.0578125 0.10995850622406639
