0 0.60546875 0.16390041493775934 0.0921875 0.15352697095435686
0 0.36562500000000003 0.47406639004149376 0.12812500000000002 0.22199170124481327
0 0.58125 0.5311203319502075 0.1125 0.2821576763485477
0 0.40078125000000003 0.8392116182572614 0.1703125 0.2800829875518672
1 0.76953125 0.8340248962655602 0.0765625 0.1950207468879668
1 0.765625 0.508298755186722 0.053125000000000006 0.17427385892116182
1 0.8171875000000001 0.37863070539419086 0.0625 0.15145228215767634
1 0.7359375 0.2987551867219917 0.046875 0.13278008298755187
1 0.696875 0.43257261410788383 0.053125000000000006 0.16390041493775934
1 0.5632812500000001 0.34024896265560167 0.0546875 0.11203319502074689
