2 0.59609375 0.6753112033195021 0.2734375 0.6244813278008299
0 0.33828125000000003 0.46473029045643155 0.1640625 0.3112033195020747
0 0.29296875 0.7728215767634855 0.1921875 0.3506224066390041
0 0.55078125 0.20435684647302904 0.1046875 0.17219917012448133
1 0.8296875 0.7780082987551867 0.059375000000000004 0.24896265560165975
1 0.8734375000000001 0.5871369294605809 0.053125000000000006 0.1825726141078838
1 0.7757812500000001 0.39107883817427386 0.0578125 0.16390041493775934
1 0.671875 0.3360995850622407 0.053125000000000006 0.11618257261410789
1 0.6648437500000001 0.10580912863070539 0.045312500000000006 0.11203319502074689
0 0.7671875 0.11307053941908714 0.10625000000000001 0.13070539419087138
