1 0.5859375 0.3682572614107884 0.034375 0.16390041493775934
1 0.70625 0.49066390041493774 0.046875 0.17219917012448133
1 0.8078125 0.5414937759336099 0.06875 0.17842323651452283
1 0.721875 0.7966804979253113 0.078125 0.1950207468879668
1 0.525 0.5705394190871369 0.065625 0.2157676348547718
1 0.65625 0.6047717842323651 0.05625 0.1887966804979253
1 0.9015625 0.9056016597510373 0.08750000000000001 0.18049792531120332
1 0.3171875 0.9087136929460581 0.08125 0.17012448132780084
0 0.36562500000000003 0.6026970954356846 0.140625 0.25103734439834025
0 0.50546875 0.19398340248962656 0.1015625 0.21369294605809128
