0 0.31562500000000004 0.7863070539419087 0.21250000000000002 0.3112033195020747
0 0.40625 0.5020746887966805 0.14375000000000002 0.21991701244813278
0 0.6765625000000001 0.2800829875518672 0.09375 0.19917012448132781
0 0.49062500000000003 0.22614107883817428 0.1375 0.21161825726141079
0 0.57578125 0.11825726141078838 0.0703125 0.12863070539419086
0 0.69296875 0.10892116182572614 0.09843750000000001 0.13070539419087138
1 0.76328125 0.18672199170124482 0.029687500000000002 0.12448132780082988
1 0.846875 0.3184647302904564 0.065625 0.18049792531120332
1 0.7664062500000001 0.5933609958506224 0.0734375 0.1950207468879668
1 0.59296875 0.47406639004149376 0.08281250000000001 0.16390041493775934
