1 0.37812500000000004 0.3900414937759336 0.059375000000000004 0.14937759336099585
1 0.26171875 0.6524896265560166 0.0578125 0.1970954356846473
1 0.6351562500000001 0.5778008298755186 0.0703125 0.18049792531120332
1 0.7484375000000001 0.45954356846473027 0.046875 0.12655601659751037
1 0.8234375 0.4896265560165975 0.03125 0.13278008298755187
1 0.83203125 0.23236514522821577 0.045312500000000006 0.11618257261410789
1 0.76328125 0.22614107883817428 0.029687500000000002 0.12863070539419086
1 0.67109375 0.8402489626556017 0.060937500000000006 0.2157676348547718
1 0.74375 0.745850622406639 0.065625 0.2095435684647303
1 0.81796875 0.6576763485477178 0.0578125 0.13692946058091288
0 0.47421875 0.6348547717842323 0.1640625 0.27385892116182575
0 0.5421875 0.3620331950207469 0.10312500000000001 0.2095435684647303
0 0.70703125 0.254149377593361 0.07968750000000001 0.16390041493775934
