0 0.2984375 0.7852697095435685 0.22187500000000002 0.3796680497925311
0 0.7828125 0.4346473029045643 0.134375 0.23029045643153526
0 0.43515625 0.279045643153527 0.1234375 0.18049792531120332
1 0.5328125 0.44398340248962653 0.06875 0.15767634854771784
1 0.56796875 0.6244813278008299 0.060937500000000006 0.21161825726141079
1 0.6625000000000001 0.3827800829875519 0.046875 0.14730290456431536
1 0.6218750000000001 0.28526970954356845 0.05 0.12240663900414937
1 0.6984375 0.25311203319502074 0.053125000000000006 0.12033195020746888
1 0.628125 0.19398340248962656 0.046875 0.1016597510373444
1 0.60078125 0.08402489626556017 0.045312500000000006 0.08921161825726141
1 0.72578125 0.09958506224066391 0.0484375 0.0912863070539419
1 0.9421875000000001 0.5850622406639004 0.07187500000000001 0.1908713692946058
