0 0.49296875 0.783195020746888 0.18281250000000002 0.31742738589211617
0 0.59765625 0.40145228215767637 0.16718750000000002 0.2095435684647303
0 0.43984375000000003 0.2437759336099585 0.1171875 0.1887966804979253
0 0.25390625 0.8495850622406639 0.15156250000000002 0.2883817427385892
1 0.89609375 0.6576763485477178 0.0734375 0.2157676348547718
1 0.77109375 0.5062240663900415 0.0734375 0.1825726141078838
1 0.8343750000000001 0.28112033195020747 0.05625 0.14730290456431536
1 0.3484375 0.6151452282157677 0.084375 0.1887966804979253
1 0.628125 0.17219917012448133 0.046875 0.14522821576763487
1 0.7039062500000001 0.09232365145228216 0.06406250000000001 0.11825726141078838
1 0.7953125000000001 0.17116182572614108 0.05 0.1016597510373444
1 0.7359375 0.22406639004149378 0.065625 0.14107883817427386
1 0.775 0.9056016597510373 0.08750000000000001 0.17634854771784234
1 0.56953125 0.08817427385892117 0.0484375 0.07676348547717843
1 0.80234375 0.09232365145228216 0.045312500000000006 0.08091286307053942
