0 0.48046875 0.4948132780082988 0.16718750000000002 0.27593360995850624
0 0.7367187500000001 0.1628630705394191 0.11093750000000001 0.23858921161825727
1 0.5867187500000001 0.22614107883817428 0.0578125 0.12863070539419086
1 0.30078125 0.5477178423236515 0.0765625 0.18672199170124482
1 0.665625 0.5383817427385892 0.08750000000000001 0.23029045643153526
1 0.40937500000000004 0.2074688796680498 0.05625 0.12863070539419086
1 0.78515625 0.6514522821576764 0.0765625 0.22406639004149378
1 0.8500000000000001 0.3630705394190871 0.0625 0.16597510373443983
1 0.8546875 0.2354771784232365 0.059375000000000004 0.12240663900414937
1 0.8460937500000001 0.12240663900414937 0.0484375 0.12863070539419086
1 0.61484375 0.15975103734439833 0.051562500000000004 0.1078838174273859
1 0.4609375 0.8983402489626556 0.09375 0.1950207468879668
