1 0.6804687500000001 0.5570539419087137 0.0671875 0.23029045643153526
1 0.8617187500000001 0.745850622406639 0.1171875 0.25103734439834025
1 0.6046875 0.3848547717842324 0.07500000000000001 0.18049792531120332
0 0.7195312500000001 0.17116182572614108 0.1046875 0.17219917012448133
0 0.3515625 0.30809128630705396 0.15625 0.2551867219917012
0 0.46406250000000004 0.4782157676348548 0.171875 0.2966804979253112
0 0.3984375 0.8267634854771784 0.20625000000000002 0.34647302904564314
0 0.5609375 0.22095435684647302 0.14375000000000002 0.18464730290456433
1 0.4265625 0.18983402489626555 0.07187500000000001 0.16804979253112035
0 0.609375 0.08609958506224066 0.125 0.10995850622406639
