1 0.88671875 0.9221991701244814 0.1203125 0.15560165975103735
1 0.76484375 0.07157676348547717 0.0578125 0.08506224066390042
1 0.3515625 0.2012448132780083 0.065625 0.14937759336099585
1 0.48984375 0.0954356846473029 0.06406250000000001 0.12033195020746888
0 0.446875 0.3049792531120332 0.153125 0.2033195020746888
0 0.26484375 0.6006224066390041 0.1859375 0.2717842323651452
0 0.52265625 0.6887966804979253 0.17343750000000002 0.4107883817427386
2 0.6742187500000001 0.3257261410788382 0.1765625 0.4315352697095436
1 0.5890625 0.2437759336099585 0.053125000000000006 0.15145228215767634
1 0.35078125000000004 0.4450207468879668 0.06406250000000001 0.1887966804979253
1 0.47421875 0.45850622406639 0.0765625 0.17842323651452283
0 0.6570312500000001 0.07572614107883817 0.08281250000000001 0.09336099585062241
1 0.7171875000000001 0.9439834024896265 0.08125 0.11203319502074689
