1 0.8078125 0.6390041493775933 0.08750000000000001 0.23651452282157676
1 0.70859375 0.11203319502074689 0.060937500000000006 0.14522821576763487
1 0.759375 0.14730290456431536 0.040625 0.14522821576763487
1 0.4421875 0.7738589211618258 0.08125 0.2821576763485477
0 0.67578125 0.3309128630705394 0.11406250000000001 0.21784232365145229
0 0.36171875000000003 0.5134854771784232 0.1453125 0.2551867219917012
0 0.47265625 0.12033195020746888 0.1171875 0.15767634854771784
0 0.6062500000000001 0.15560165975103735 0.125 0.21161825726141079
0 0.49765625 0.9336099585062241 0.2109375 0.13278008298755187
1 0.78046875 0.09647302904564316 0.0421875 0.11410788381742738
