1 0.6882812500000001 0.15871369294605808 0.0328125 0.1016597510373444
1 0.8203125 0.12863070539419086 0.037500000000000006 0.1078838174273859
1 0.7484375000000001 0.25311203319502074 0.05625 0.12863070539419086
1 0.6625000000000001 0.7468879668049793 0.09062500000000001 0.1950207468879668
1 0.40156250000000004 0.4927385892116183 0.07187500000000001 0.18049792531120332
1 0.5765625 0.1908713692946058 0.034375 0.11618257261410789
0 0.44140625 0.7645228215767634 0.1796875 0.27593360995850624
0 0.846875 0.770746887966805 0.14375000000000002 0.2966804979253112
0 0.7484375000000001 0.0975103734439834 0.065625 0.12863070539419086
1 0.6796875 0.0954356846473029 0.043750000000000004 0.1037344398340249
1 0.6804687500000001 0.09439834024896265 0.045312500000000006 0.0975103734439834
0 0.47968750000000004 0.1275933609958506 0.109375 0.16804979253112035
0 0.60546875 0.1037344398340249 0.09531250000000001 0.12448132780082988
0 0.6062500000000001 0.10580912863070539 0.096875 0.11618257261410789
