1 0.79296875 0.26348547717842324 0.0546875 0.15352697095435686
1 0.6140625000000001 0.6473029045643154 0.053125000000000006 0.18672199170124482
1 0.7953125000000001 0.8900414937759336 0.09375 0.2074688796680498
1 0.6671875 0.8070539419087137 0.08125 0.21161825726141079
1 0.703125 0.19813278008298754 0.040625 0.11825726141078838
1 0.6875 0.11203319502074689 0.05625 0.12033195020746888
0 0.2890625 0.8993775933609959 0.21250000000000002 0.1970954356846473
0 0.6015625 0.5093360995850622 0.15625 0.2095435684647303
0 0.35546875 0.5124481327800829 0.1609375 0.2157676348547718
0 0.509375 0.2894190871369295 0.140625 0.23029045643153526
