0 0.28671875 0.7116182572614108 0.1328125 0.3153526970954357
0 0.3953125 0.45020746887966806 0.140625 0.1908713692946058
0 0.50625 0.8215767634854771 0.19375 0.3360995850622407
0 0.54921875 0.12551867219917012 0.1078125 0.15560165975103735
1 0.8359375 0.3796680497925311 0.059375000000000004 0.14937759336099585
1 0.78828125 0.17946058091286307 0.051562500000000004 0.11410788381742738
1 0.6429687500000001 0.35684647302904565 0.0390625 0.13278008298755187
1 0.7429687500000001 0.6244813278008299 0.0765625 0.1825726141078838
1 0.68671875 0.12448132780082988 0.0390625 0.12863070539419086
1 0.6984375 0.22095435684647302 0.046875 0.10580912863070539
