2 0.30703125000000003 0.6566390041493776 0.41718750000000004 0.6825726141078838
0 0.67109375 0.06950207468879668 0.0921875 0.06431535269709543
1 0.7000000000000001 0.2946058091286307 0.06875 0.1908713692946058
1 0.7890625 0.1421161825726141 0.0625 0.17219917012448133
0 0.7664062500000001 0.4948132780082988 0.16718750000000002 0.24688796680497926
0 0.39609375 0.2437759336099585 0.1234375 0.15975103734439833
0 0.56796875 0.12240663900414937 0.11093750000000001 0.14522821576763487
0 0.6046875 0.2717842323651452 0.1375 0.1950207468879668
0 0.35781250000000003 0.34854771784232363 0.146875 0.15767634854771784
1 0.77734375 0.30809128630705396 0.08281250000000001 0.18464730290456433
