1 0.42500000000000004 0.4336099585062241 0.0625 0.2033195020746888
1 0.859375 0.3288381742738589 0.046875 0.14730290456431536
1 0.78515625 0.6234439834024896 0.09531250000000001 0.19294605809128632
1 0.6117187500000001 0.7302904564315352 0.08281250000000001 0.24066390041493776
1 0.47421875 0.7033195020746889 0.0734375 0.2074688796680498
1 0.603125 0.0954356846473029 0.043750000000000004 0.11203319502074689
0 0.6179687500000001 0.2894190871369295 0.1078125 0.23029045643153526
0 0.77734375 0.9149377593360996 0.1234375 0.17012448132780084
1 0.3515625 0.8993775933609959 0.06875 0.1970954356846473
0 0.20859375000000002 0.8744813278008299 0.2015625 0.23858921161825727
0 0.4890625 0.09439834024896265 0.109375 0.10995850622406639
0 0.7351562500000001 0.0975103734439834 0.09843750000000001 0.12033195020746888
