0 0.2984375 0.47406639004149376 0.203125 0.3049792531120332
0 0.22734375 0.9294605809128631 0.24531250000000002 0.14107883817427386
1 0.41328125000000004 0.17738589211618258 0.06406250000000001 0.15975103734439833
1 0.68125 0.4087136929460581 0.08750000000000001 0.2074688796680498
1 0.49453125000000003 0.5570539419087137 0.0921875 0.25103734439834025
1 0.5953125 0.40145228215767637 0.05625 0.17634854771784234
1 0.62421875 0.27800829875518673 0.0765625 0.17427385892116182
0 0.753125 0.35477178423236516 0.1125 0.22406639004149378
0 0.55625 0.20435684647302904 0.09062500000000001 0.1887966804979253
0 0.50390625 0.0975103734439834 0.11406250000000001 0.14937759336099585
0 0.7390625000000001 0.07572614107883817 0.10625000000000001 0.08921161825726141
0 0.44062500000000004 0.05394190871369295 0.1 0.05394190871369295
2 0.62265625 0.05394190871369295 0.0859375 0.06224066390041494
