2 0.23984375000000002 0.8122406639004149 0.2109375 0.3755186721991701
1 0.5578125 0.8392116182572614 0.078125 0.25933609958506226
1 0.7195312500000001 0.2769709543568465 0.06406250000000001 0.16390041493775934
1 0.64609375 0.36618257261410786 0.0703125 0.2012448132780083
1 0.42109375000000004 0.16390041493775934 0.060937500000000006 0.14937759336099585
0 0.5171875 0.1441908713692946 0.08125 0.17634854771784234
0 0.47265625 0.06535269709543569 0.0890625 0.06846473029045644
0 0.4703125 0.06016597510373444 0.096875 0.06639004149377593
0 0.6171875 0.056016597510373446 0.1 0.049792531120331954
0 0.6742187500000001 0.13070539419087138 0.1328125 0.16597510373443983
