1 0.7296875 0.237551867219917 0.037500000000000006 0.14730290456431536
1 0.5710937500000001 0.6130705394190872 0.0421875 0.18464730290456433
0 0.33125000000000004 0.808091286307054 0.18125000000000002 0.37136929460580914
0 0.74609375 0.8205394190871369 0.1953125 0.3506224066390041
1 0.9484375 0.8848547717842323 0.059375000000000004 0.22614107883817428
0 0.48046875 0.4004149377593361 0.1296875 0.2863070539419087
0 0.3171875 0.4574688796680498 0.09375 0.23858921161825727
0 0.565625 0.22821576763485477 0.10625000000000001 0.22406639004149378
1 0.80625 0.1524896265560166 0.037500000000000006 0.12655601659751037
0 0.5140625 0.10477178423236515 0.10625000000000001 0.13485477178423236
0 0.51484375 0.10269709543568464 0.1078125 0.14315352697095435
