1 0.82734375 0.4533195020746888 0.060937500000000006 0.14315352697095435
1 0.8203125 0.8796680497925311 0.09062500000000001 0.21161825726141079
1 0.56015625 0.6493775933609959 0.08281250000000001 0.18672199170124482
1 0.340625 0.4429460580912863 0.059375000000000004 0.15975103734439833
1 0.6000000000000001 0.31224066390041494 0.040625 0.13485477178423236
1 0.8359375 0.2645228215767635 0.059375000000000004 0.13070539419087138
0 0.7375 0.6213692946058091 0.1625 0.21784232365145229
0 0.44843750000000004 0.25 0.1 0.17219917012448133
0 0.5265625 0.11410788381742738 0.10312500000000001 0.11203319502074689
0 0.6351562500000001 0.1908713692946058 0.11093750000000001 0.14522821576763487
