1 0.8679687500000001 0.8630705394190872 0.0859375 0.24896265560165975
1 0.50703125 0.6639004149377593 0.0765625 0.2157676348547718
1 0.69296875 0.08402489626556017 0.0671875 0.06431535269709543
0 0.46015625000000004 0.15145228215767634 0.0921875 0.15767634854771784
0 0.63828125 0.8682572614107884 0.2109375 0.25933609958506226
0 0.34140625 0.7520746887966805 0.1859375 0.34232365145228216
0 0.42812500000000003 0.4387966804979253 0.15625 0.23858921161825727
0 0.6156250000000001 0.16597510373443983 0.12812500000000002 0.17427385892116182
0 0.5234375 0.08195020746887967 0.109375 0.07261410788381743
0 0.521875 0.08298755186721991 0.1125 0.07053941908713693
