0 0.3671875 0.5850622406639004 0.153125 0.25311203319502074
0 0.628125 0.19294605809128632 0.06875 0.15352697095435686
1 0.6046875 0.11410788381742738 0.037500000000000006 0.0912863070539419
0 0.44296875 0.1825726141078838 0.0703125 0.16597510373443983
1 0.53046875 0.45020746887966806 0.045312500000000006 0.17427385892116182
1 0.5859375 0.5840248962655602 0.046875 0.17634854771784234
1 0.62265625 0.3506224066390041 0.0421875 0.13692946058091288
1 0.7312500000000001 0.2074688796680498 0.028125 0.11618257261410789
1 0.74921875 0.4512448132780083 0.045312500000000006 0.14315352697095435
1 0.8390625 0.3008298755186722 0.040625 0.13278008298755187
1 0.8375 0.45954356846473027 0.053125000000000006 0.15975103734439833
1 0.7718750000000001 0.2800829875518672 0.040625 0.13278008298755187
0 0.7679687500000001 0.8195020746887967 0.1609375 0.3360995850622407
0 0.52734375 0.10062240663900415 0.0921875 0.11410788381742738
