0 0.6140625000000001 0.33713692946058094 0.13125 0.2053941908713693
0 0.38359375 0.7126556016597511 0.1921875 0.2800829875518672
0 0.45156250000000003 0.2157676348547718 0.1125 0.16182572614107885
0 0.6640625 0.12344398340248963 0.10625000000000001 0.14315352697095435
0 0.5 0.11203319502074689 0.1125 0.13692946058091288
0 0.5015625 0.10995850622406639 0.109375 0.12033195020746888
1 0.940625 0.8568464730290456 0.07187500000000001 0.24066390041493776
1 0.796875 0.8910788381742739 0.14375000000000002 0.21369294605809128
1 0.75703125 0.26348547717842324 0.0484375 0.14937759336099585
0 0.82421875 0.10580912863070539 0.0390625 0.12033195020746888
