0 0.42734375 0.36099585062240663 0.15781250000000002 0.2033195020746888
0 0.2265625 0.9139004149377593 0.225 0.16390041493775934
1 0.46875 0.5663900414937759 0.06875 0.21161825726141079
1 0.6117187500000001 0.8029045643153527 0.0921875 0.2157676348547718
1 0.6484375 0.5062240663900415 0.0625 0.1908713692946058
1 0.80078125 0.5363070539419087 0.0859375 0.15975103734439833
1 0.8109375000000001 0.38070539419087135 0.06875 0.15560165975103735
1 0.8210937500000001 0.22821576763485477 0.0578125 0.11618257261410789
1 0.78046875 0.7323651452282157 0.1015625 0.2033195020746888
1 0.75390625 0.19190871369294607 0.045312500000000006 0.15145228215767634
1 0.84140625 0.9180497925311203 0.07968750000000001 0.15145228215767634
