0 0.6257812500000001 0.20228215767634855 0.0890625 0.13900414937759337
0 0.5296875 0.0975103734439834 0.096875 0.1078838174273859
0 0.40390625 0.4470954356846473 0.1296875 0.22199170124481327
0 0.26484375 0.7157676348547718 0.1078125 0.26556016597510373
0 0.540625 0.7219917012448133 0.11875000000000001 0.29045643153526973
1 0.696875 0.3288381742738589 0.037500000000000006 0.14730290456431536
1 0.7781250000000001 0.7178423236514523 0.05625 0.19917012448132781
1 0.8304687500000001 0.8703319502074689 0.0484375 0.21369294605809128
1 0.6890625 0.6877593360995851 0.0625 0.2012448132780083
1 0.44375000000000003 0.6089211618257261 0.0625 0.18049792531120332
1 0.521875 0.23132780082987553 0.043750000000000004 0.12655601659751037
1 0.76328125 0.3112033195020747 0.045312500000000006 0.16597510373443983
1 0.7890625 0.19190871369294607 0.040625 0.10580912863070539
1 0.828125 0.09024896265560166 0.040625 0.09336099585062241
