1 0.56015625 0.39107883817427386 0.0703125 0.18049792531120332
1 0.7585937500000001 0.3008298755186722 0.045312500000000006 0.15352697095435686
1 0.7625000000000001 0.16390041493775934 0.0625 0.11618257261410789
1 0.8296875 0.1441908713692946 0.05 0.12240663900414937
1 0.7578125 0.45954356846473027 0.059375000000000004 0.18049792531120332
1 0.85859375 0.8454356846473029 0.1078125 0.3091286307053942
1 0.68515625 0.1690871369294606 0.045312500000000006 0.13485477178423236
0 0.675 0.07572614107883817 0.07500000000000001 0.05186721991701245
0 0.47187500000000004 0.1887966804979253 0.115625 0.17427385892116182
0 0.48828125 0.07987551867219916 0.1296875 0.08506224066390042
0 0.4859375 0.07987551867219916 0.125 0.08506224066390042
