1 0.84375 0.2717842323651452 0.05 0.14107883817427386
1 0.80859375 0.10995850622406639 0.045312500000000006 0.11203319502074689
1 0.63984375 0.1483402489626556 0.06406250000000001 0.10995850622406639
1 0.41484375 0.45954356846473027 0.06406250000000001 0.17219917012448133
1 0.84296875 0.6462655601659751 0.0578125 0.24688796680497926
1 0.4625 0.07468879668049792 0.046875 0.07468879668049792
0 0.2921875 0.7199170124481328 0.18125000000000002 0.24066390041493776
0 0.44375000000000003 0.8796680497925311 0.16562500000000002 0.1950207468879668
0 0.67578125 0.8101659751037344 0.1796875 0.35892116182572614
0 0.73828125 0.22095435684647302 0.11406250000000001 0.18049792531120332
