0 0.36953125000000003 0.4346473029045643 0.1171875 0.1970954356846473
1 0.77890625 0.6151452282157677 0.051562500000000004 0.1887966804979253
1 0.8835937500000001 0.8599585062240664 0.0765625 0.23443983402489627
1 0.5890625 0.6016597510373444 0.05 0.17012448132780084
1 0.52265625 0.4678423236514523 0.0578125 0.17634854771784234
1 0.38984375000000004 0.26348547717842324 0.0390625 0.11618257261410789
1 0.815625 0.10269709543568464 0.037500000000000006 0.0975103734439834
1 0.7523437500000001 0.16390041493775934 0.0390625 0.08713692946058091
1 0.74609375 0.10477178423236515 0.035937500000000004 0.08921161825726141
1 0.7585937500000001 0.27800829875518673 0.035937500000000004 0.12033195020746888
0 0.6640625 0.4066390041493776 0.1125 0.25311203319502074
0 0.5265625 0.2572614107883817 0.09062500000000001 0.14937759336099585
0 0.48515625 0.10892116182572614 0.0890625 0.10995850622406639
0 0.6468750000000001 0.12551867219917012 0.09062500000000001 0.15975103734439833
