0 0.55234375 0.7634854771784232 0.17343750000000002 0.4066390041493776
1 0.47968750000000004 0.5321576763485477 0.059375000000000004 0.16390041493775934
0 0.3015625 0.6576763485477178 0.17500000000000002 0.24481327800829875
1 0.7937500000000001 0.8226141078838174 0.09375 0.24273858921161826
0 0.6570312500000001 0.470954356846473 0.1484375 0.21991701244813278
1 0.5734375 0.29045643153526973 0.065625 0.16597510373443983
1 0.7984375 0.19605809128630705 0.0625 0.16804979253112035
1 0.7078125000000001 0.1628630705394191 0.053125000000000006 0.14730290456431536
1 0.42890625000000004 0.15352697095435686 0.0671875 0.14107883817427386
0 0.22421875000000002 0.8537344398340249 0.2171875 0.2842323651452282
