1 0.7507812500000001 0.3392116182572614 0.0671875 0.2053941908713693
1 0.9320312500000001 0.803941908713693 0.09531250000000001 0.26348547717842324
1 0.63046875 0.35269709543568467 0.0765625 0.1908713692946058
1 0.72578125 0.7946058091286307 0.0859375 0.2572614107883817
1 0.8031250000000001 0.7230290456431535 0.09062500000000001 0.23029045643153526
0 0.7117187500000001 0.11825726141078838 0.0859375 0.17012448132780084
0 0.49921875000000004 0.3257261410788382 0.1265625 0.23651452282157676
0 0.43593750000000003 0.1908713692946058 0.134375 0.17842323651452283
0 0.24375000000000002 0.766597510373444 0.22812500000000002 0.32987551867219916
0 0.5281250000000001 0.783195020746888 0.24375000000000002 0.3962655601659751
0 0.49296875 0.054979253112033194 0.09843750000000001 0.043568464730290454
0 0.63203125 0.054979253112033194 0.0890625 0.03941908713692946
