0 0.40468750000000003 0.6203319502074689 0.14375000000000002 0.3029045643153527
0 0.6218750000000001 0.38900414937759337 0.11875000000000001 0.18464730290456433
0 0.5953125 0.7863070539419087 0.19687500000000002 0.2987551867219917
0 0.5546875 0.23962655601659752 0.096875 0.17634854771784234
0 0.728125 0.10269709543568464 0.08125 0.12240663900414937
0 0.728125 0.10580912863070539 0.078125 0.11618257261410789
1 0.70234375 0.1970954356846473 0.0484375 0.11618257261410789
1 0.76171875 0.30601659751037347 0.051562500000000004 0.11410788381742738
1 0.87109375 0.8890041493775933 0.060937500000000006 0.22199170124481327
1 0.83515625 0.1950207468879668 0.0484375 0.1037344398340249
1 0.8539062500000001 0.32987551867219916 0.051562500000000004 0.14107883817427386
1 0.7992187500000001 0.8433609958506224 0.0765625 0.22199170124481327
0 0.40390625 0.3495850622406639 0.13593750000000002 0.18464730290456433
