1 0.6765625000000001 0.36099585062240663 0.07187500000000001 0.1950207468879668
1 0.7765625 0.7510373443983402 0.096875 0.25311203319502074
1 0.790625 0.35477178423236516 0.065625 0.2033195020746888
1 0.25546875 0.4118257261410788 0.07968750000000001 0.21784232365145229
1 0.6570312500000001 0.5798755186721992 0.0921875 0.22614107883817428
0 0.3828125 0.46887966804979253 0.16562500000000002 0.27385892116182575
0 0.4234375 0.7572614107883817 0.21250000000000002 0.4605809128630705
0 0.728125 0.08921161825726141 0.07500000000000001 0.11203319502074689
1 0.6507812500000001 0.10477178423236515 0.0578125 0.13485477178423236
0 0.553125 0.07365145228215768 0.1125 0.08506224066390042
0 0.553125 0.07261410788381743 0.10625000000000001 0.08713692946058091
0 0.51328125 0.1483402489626556 0.11406250000000001 0.16390041493775934
