2 0.56015625 0.8309128630705395 0.2328125 0.3381742738589212
0 0.25625000000000003 0.774896265560166 0.234375 0.32987551867219916
0 0.309375 0.524896265560166 0.171875 0.24481327800829875
0 0.3765625 0.3163900414937759 0.13125 0.24273858921161826
0 0.553125 0.3775933609958506 0.134375 0.2074688796680498
1 0.68671875 0.28526970954356845 0.060937500000000006 0.17219917012448133
1 0.675 0.19398340248962656 0.05625 0.16390041493775934
1 0.78828125 0.2987551867219917 0.0703125 0.16597510373443983
1 0.4890625 0.25933609958506226 0.053125000000000006 0.17427385892116182
0 0.55625 0.13692946058091288 0.1125 0.2074688796680498
0 0.41953125 0.10062240663900415 0.1296875 0.12655601659751037
2 0.6765625000000001 0.08091286307053942 0.13125 0.09958506224066391
