0 0.5171875 0.8371369294605809 0.18125000000000002 0.2966804979253112
0 0.72421875 0.6109958506224067 0.1390625 0.2551867219917012
0 0.240625 0.8620331950207469 0.15937500000000002 0.24273858921161826
1 0.41796875 0.5062240663900415 0.0578125 0.1908713692946058
1 0.5671875000000001 0.4802904564315353 0.05 0.17219917012448133
1 0.796875 0.4636929460580913 0.0625 0.15975103734439833
1 0.74765625 0.24066390041493776 0.0484375 0.12448132780082988
1 0.62421875 0.17531120331950206 0.051562500000000004 0.13485477178423236
1 0.7453125 0.13796680497925312 0.05 0.1016597510373444
1 0.51953125 0.2883817427385892 0.0578125 0.16597510373443983
