0 0.6328125 0.6317427385892116 0.140625 0.2966804979253112
1 0.4734375 0.29045643153526973 0.05 0.14107883817427386
1 0.565625 0.3941908713692946 0.05625 0.17012448132780084
1 0.42812500000000003 0.49377593360995853 0.06875 0.1908713692946058
1 0.93359375 0.720954356846473 0.0734375 0.21784232365145229
1 0.7937500000000001 0.254149377593361 0.028125 0.12655601659751037
1 0.78046875 0.1628630705394191 0.0546875 0.0975103734439834
1 0.66953125 0.09232365145228216 0.0484375 0.1016597510373444
0 0.8265625000000001 0.8858921161825726 0.146875 0.22821576763485477
1 0.5015625 0.15560165975103735 0.07500000000000001 0.1037344398340249
