0 0.5906250000000001 0.5155601659751038 0.1375 0.2883817427385892
0 0.353125 0.5850622406639004 0.1625 0.3278008298755187
0 0.54921875 0.20435684647302904 0.0921875 0.17219917012448133
0 0.6953125 0.0912863070539419 0.09062500000000001 0.0912863070539419
1 0.84296875 0.5985477178423236 0.0421875 0.21369294605809128
1 0.75 0.27282157676348545 0.043750000000000004 0.16390041493775934
1 0.65 0.2645228215767635 0.040625 0.15145228215767634
1 0.628125 0.12966804979253113 0.040625 0.13070539419087138
1 0.4265625 0.2012448132780083 0.053125000000000006 0.14107883817427386
1 0.46718750000000003 0.1016597510373444 0.043750000000000004 0.1037344398340249
