0 0.47890625000000003 0.14937759336099585 0.1015625 0.1908713692946058
1 0.7156250000000001 0.30809128630705396 0.059375000000000004 0.16390041493775934
1 0.8390625 0.4221991701244813 0.053125000000000006 0.14315352697095435
1 0.8695312500000001 0.26556016597510373 0.0578125 0.12863070539419086
1 0.5593750000000001 0.21991701244813278 0.037500000000000006 0.14107883817427386
1 0.609375 0.2925311203319502 0.040625 0.16182572614107885
1 0.80078125 0.7074688796680498 0.0671875 0.19917012448132781
1 0.76875 0.8983402489626556 0.08125 0.17842323651452283
1 0.9437500000000001 0.8973029045643154 0.07500000000000001 0.18049792531120332
1 0.7546875000000001 0.10892116182572614 0.040625 0.10995850622406639
