1 0.77109375 0.29356846473029047 0.0484375 0.12655601659751037
1 0.659375 0.3257261410788382 0.040625 0.13692946058091288
1 0.734375 0.19294605809128632 0.037500000000000006 0.1078838174273859
1 0.5890625 0.8910788381742739 0.09062500000000001 0.21369294605809128
1 0.79609375 0.18153526970954356 0.045312500000000006 0.1016597510373444
1 0.759375 0.11307053941908714 0.040625 0.1016597510373444
0 0.78046875 0.6452282157676349 0.1765625 0.3112033195020747
0 0.5484375 0.6182572614107884 0.153125 0.27385892116182575
0 0.6125 0.20850622406639005 0.10312500000000001 0.22614107883817428
0 0.47734375 0.17738589211618258 0.11093750000000001 0.13900414937759337
0 0.41796875 0.34647302904564314 0.1296875 0.21161825726141079
1 0.8500000000000001 0.3495850622406639 0.040625 0.15145228215767634
