2 0.64453125 0.229253112033195 0.17343750000000002 0.3630705394190871
1 0.76328125 0.17842323651452283 0.0484375 0.12033195020746888
1 0.8296875 0.31431535269709543 0.043750000000000004 0.14730290456431536
1 0.8210937500000001 0.6659751037344398 0.0859375 0.17427385892116182
1 0.47421875 0.32676348547717843 0.045312500000000006 0.12240663900414937
0 0.41484375 0.46265560165975106 0.1296875 0.23236514522821577
0 0.3640625 0.8713692946058091 0.23125 0.24481327800829875
1 0.83359375 0.16390041493775934 0.0390625 0.1037344398340249
0 0.48046875 0.11307053941908714 0.1046875 0.13485477178423236
0 0.47890625000000003 0.11410788381742738 0.1078125 0.12863070539419086
0 0.47734375 0.21991701244813278 0.1171875 0.17012448132780084
