0 0.584375 0.4512448132780083 0.1375 0.3257261410788382
0 0.37578125 0.4139004149377593 0.1234375 0.24688796680497926
0 0.7796875000000001 0.5280082987551867 0.15000000000000002 0.1970954356846473
1 0.6882812500000001 0.17323651452282157 0.045312500000000006 0.13070539419087138
1 0.5828125000000001 0.11514522821576763 0.040625 0.11825726141078838
1 0.7757812500000001 0.2946058091286307 0.045312500000000006 0.14522821576763487
1 0.84765625 0.17634854771784234 0.06406250000000001 0.12033195020746888
1 0.7429687500000001 0.09958506224066391 0.051562500000000004 0.09958506224066391
0 0.48359375000000004 0.08609958506224066 0.0890625 0.07261410788381743
0 0.66171875 0.06639004149377593 0.0890625 0.06224066390041494
