1 0.53515625 0.43257261410788383 0.0734375 0.18464730290456433
1 0.6429687500000001 0.4948132780082988 0.07968750000000001 0.21784232365145229
1 0.84375 0.5601659751037344 0.08125 0.22406639004149378
1 0.80859375 0.2842323651452282 0.1265625 0.14107883817427386
1 0.8375 0.08817427385892117 0.05 0.08091286307053942
1 0.6117187500000001 0.07883817427385892 0.045312500000000006 0.07883817427385892
2 0.6492187500000001 0.8226141078838174 0.1765625 0.3506224066390041
0 0.45859375 0.2157676348547718 0.1015625 0.16182572614107885
0 0.34609375000000003 0.5840248962655602 0.15781250000000002 0.27593360995850624
0 0.6328125 0.22614107883817428 0.109375 0.21161825726141079
0 0.50390625 0.08609958506224066 0.0890625 0.0975103734439834
