0 0.35390625000000003 0.5850622406639004 0.1390625 0.24066390041493776
0 0.55703125 0.6504149377593361 0.1328125 0.23443983402489627
1 0.671875 0.39834024896265563 0.040625 0.13278008298755187
1 0.7109375 0.30601659751037347 0.046875 0.12655601659751037
1 0.8054687500000001 0.1566390041493776 0.045312500000000006 0.11410788381742738
1 0.82578125 0.33713692946058094 0.051562500000000004 0.15560165975103735
1 0.7984375 0.5612033195020747 0.046875 0.14315352697095435
1 0.453125 0.8879668049792531 0.05625 0.2074688796680498
1 0.665625 0.9232365145228216 0.078125 0.12448132780082988
0 0.7054687500000001 0.11203319502074689 0.0890625 0.13278008298755187
0 0.49843750000000003 0.08713692946058091 0.1 0.08713692946058091
