0 0.36953125000000003 0.4242738589211618 0.1484375 0.22614107883817428
0 0.31875000000000003 0.7147302904564315 0.2 0.34647302904564314
0 0.6570312500000001 0.2479253112033195 0.1078125 0.13900414937759337
0 0.54140625 0.27385892116182575 0.0859375 0.17012448132780084
0 0.45156250000000003 0.17531120331950206 0.10312500000000001 0.14730290456431536
0 0.59921875 0.12655601659751037 0.09531250000000001 0.14107883817427386
1 0.68671875 0.5300829875518672 0.060937500000000006 0.14730290456431536
1 0.8734375000000001 0.4678423236514523 0.06875 0.17634854771784234
1 0.5945312500000001 0.5093360995850622 0.0671875 0.1887966804979253
1 0.7625000000000001 0.4450207468879668 0.078125 0.15975103734439833
1 0.7296875 0.8827800829875518 0.115625 0.22199170124481327
