0 0.35468750000000004 0.533195020746888 0.15000000000000002 0.3112033195020747
0 0.6390625000000001 0.8827800829875518 0.2 0.23443983402489627
1 0.5750000000000001 0.5612033195020747 0.0625 0.17219917012448133
1 0.9015625 0.7987551867219918 0.08125 0.23236514522821577
1 0.8523437500000001 0.13485477178423236 0.045312500000000006 0.13692946058091288
1 0.7125 0.4221991701244813 0.059375000000000004 0.2012448132780083
1 0.71875 0.11307053941908714 0.043750000000000004 0.11825726141078838
1 0.5476562500000001 0.36618257261410786 0.0921875 0.19294605809128632
1 0.44921875 0.9087136929460581 0.0734375 0.17427385892116182
0 0.7828125 0.08091286307053942 0.078125 0.07883817427385892
0 0.5984375000000001 0.258298755186722 0.125 0.17634854771784234
0 0.49531250000000004 0.11307053941908714 0.115625 0.16390041493775934
