1 0.70078125 0.4336099585062241 0.0578125 0.16182572614107885
1 0.81015625 0.7634854771784232 0.0703125 0.23236514522821577
1 0.68671875 0.7510373443983402 0.051562500000000004 0.25311203319502074
0 0.49609375 0.3506224066390041 0.1171875 0.2074688796680498
0 0.68515625 0.2479253112033195 0.09843750000000001 0.16390041493775934
0 0.50546875 0.10995850622406639 0.07968750000000001 0.13692946058091288
0 0.7976562500000001 0.0954356846473029 0.09531250000000001 0.1078838174273859
0 0.6640625 0.11099585062240663 0.09062500000000001 0.13070539419087138
0 0.665625 0.1078838174273859 0.09375 0.13692946058091288
0 0.3640625 0.8765560165975104 0.209375 0.23443983402489627
