1 0.33203125 0.5176348547717843 0.0703125 0.1970954356846473
1 0.20546875 0.8215767634854771 0.0734375 0.21161825726141079
1 0.54140625 0.8143153526970954 0.045312500000000006 0.25933609958506226
1 0.853125 0.13070539419087138 0.046875 0.13692946058091288
1 0.6640625 0.15560165975103735 0.07187500000000001 0.13692946058091288
0 0.5015625 0.13900414937759337 0.09062500000000001 0.14937759336099585
0 0.6468750000000001 0.5103734439834025 0.1625 0.23651452282157676
0 0.6109375 0.08506224066390042 0.09375 0.06639004149377593
1 0.76484375 0.9346473029045643 0.1046875 0.10995850622406639
1 0.6015625 0.9149377593360996 0.053125000000000006 0.16182572614107885
0 0.359375 0.8962655601659751 0.209375 0.1950207468879668
