1 0.70078125 0.1825726141078838 0.0328125 0.11203319502074689
1 0.6156250000000001 0.2946058091286307 0.028125 0.12448132780082988
1 0.65234375 0.4460580912863071 0.051562500000000004 0.16597510373443983
1 0.7609375 0.5456431535269709 0.040625 0.17012448132780084
1 0.54140625 0.783195020746888 0.0703125 0.22199170124481327
1 0.6960937500000001 0.9159751037344398 0.09843750000000001 0.15975103734439833
1 0.81640625 0.6753112033195021 0.045312500000000006 0.18049792531120332
0 0.8203125 0.29045643153526973 0.10625000000000001 0.17427385892116182
0 0.5710937500000001 0.2074688796680498 0.09531250000000001 0.13278008298755187
1 0.5609375 0.08817427385892117 0.040625 0.08506224066390042
