1 0.7367187500000001 0.8838174273858921 0.08281250000000001 0.22821576763485477
0 0.5390625 0.6877593360995851 0.1875 0.36721991701244816
1 0.7671875 0.38070539419087135 0.037500000000000006 0.13900414937759337
1 0.8140625 0.4004149377593361 0.05625 0.13692946058091288
1 0.42734375 0.26556016597510373 0.045312500000000006 0.0912863070539419
0 0.5203125000000001 0.2053941908713693 0.096875 0.18672199170124482
0 0.6531250000000001 0.29045643153526973 0.096875 0.17842323651452283
0 0.39609375 0.42012448132780084 0.11406250000000001 0.2095435684647303
0 0.6609375000000001 0.10269709543568464 0.08750000000000001 0.11825726141078838
1 0.77109375 0.07365145228215768 0.0578125 0.08091286307053942
