0 0.34296875000000004 0.5518672199170125 0.13593750000000002 0.2572614107883817
0 0.496875 0.44190871369294604 0.13125 0.21161825726141079
0 0.54453125 0.12136929460580913 0.1015625 0.13900414937759337
0 0.59609375 0.8869294605809128 0.1390625 0.21369294605809128
1 0.3453125 0.9481327800829875 0.078125 0.08298755186721991
1 0.44062500000000004 0.31742738589211617 0.059375000000000004 0.14937759336099585
1 0.6453125000000001 0.28319502074688796 0.0625 0.15145228215767634
1 0.7523437500000001 0.3350622406639004 0.06406250000000001 0.15975103734439833
1 0.8187500000000001 0.7147302904564315 0.059375000000000004 0.2053941908713693
1 0.7507812500000001 0.8163900414937759 0.0765625 0.2676348547717842
1 0.74609375 0.1607883817427386 0.06406250000000001 0.11410788381742738
1 0.57421875 0.5933609958506224 0.060937500000000006 0.1908713692946058
