0 0.35546875 0.7676348547717843 0.2015625 0.29045643153526973
1 0.7054687500000001 0.8641078838174274 0.08281250000000001 0.24688796680497926
1 0.5593750000000001 0.7946058091286307 0.08125 0.24896265560165975
1 0.7742187500000001 0.5778008298755186 0.060937500000000006 0.17634854771784234
1 0.8617187500000001 0.7085062240663901 0.06406250000000001 0.23858921161825727
1 0.3046875 0.4107883817427386 0.084375 0.17012448132780084
1 0.80859375 0.15560165975103735 0.0546875 0.12448132780082988
1 0.7093750000000001 0.07987551867219916 0.059375000000000004 0.1016597510373444
1 0.62265625 0.4470954356846473 0.0546875 0.17634854771784234
1 0.59609375 0.13174273858921162 0.0703125 0.15145228215767634
