0 0.5640625 0.8485477178423236 0.20625000000000002 0.3029045643153527
0 0.26484375 0.9616182572614108 0.1640625 0.07676348547717843
1 0.70859375 0.12448132780082988 0.060937500000000006 0.13278008298755187
1 0.7914062500000001 0.2520746887966805 0.06406250000000001 0.17219917012448133
1 0.67734375 0.5062240663900415 0.1015625 0.23236514522821577
1 0.7781250000000001 0.11307053941908714 0.065625 0.13485477178423236
0 0.26953125 0.6929460580912863 0.1953125 0.3070539419087137
0 0.5 0.3796680497925311 0.153125 0.21991701244813278
0 0.31562500000000004 0.4315352697095436 0.15937500000000002 0.24481327800829875
0 0.434375 0.13278008298755187 0.14375000000000002 0.21161825726141079
