0 0.44140625 0.5954356846473029 0.1453125 0.26556016597510373
1 0.6273437500000001 0.8537344398340249 0.0859375 0.25933609958506226
1 0.59375 0.45643153526970953 0.059375000000000004 0.2033195020746888
1 0.403125 0.3163900414937759 0.0625 0.14730290456431536
1 0.65234375 0.3329875518672199 0.060937500000000006 0.15560165975103735
1 0.7921875 0.23340248962655602 0.065625 0.14315352697095435
1 0.6453125000000001 0.1970954356846473 0.053125000000000006 0.11618257261410789
0 0.74609375 0.5114107883817427 0.1078125 0.23443983402489627
0 0.5421875 0.14522821576763487 0.10625000000000001 0.14937759336099585
0 0.25546875 0.8838174273858921 0.2109375 0.21991701244813278
