1 0.42812500000000003 0.12655601659751037 0.043750000000000004 0.11203319502074689
1 0.6390625000000001 0.14522821576763487 0.034375 0.1037344398340249
1 0.82421875 0.16804979253112035 0.0421875 0.11203319502074689
1 0.7796875000000001 0.2012448132780083 0.040625 0.1078838174273859
1 0.790625 0.3454356846473029 0.065625 0.13070539419087138
1 0.68125 0.31950207468879666 0.046875 0.12448132780082988
1 0.51796875 0.3796680497925311 0.0421875 0.14937759336099585
1 0.6195312500000001 0.3827800829875519 0.0578125 0.1016597510373444
1 0.703125 0.46473029045643155 0.0625 0.07053941908713693
1 0.71875 0.2437759336099585 0.034375 0.11410788381742738
0 0.54609375 0.19605809128630705 0.1046875 0.16804979253112035
0 0.33437500000000003 0.7946058091286307 0.20625000000000002 0.34439834024896265
0 0.36796875 0.47717842323651455 0.1265625 0.2157676348547718
0 0.5625 0.5435684647302904 0.1375 0.2821576763485477
1 0.8484375000000001 0.45435684647302904 0.0625 0.14522821576763487
