0 0.7328125000000001 0.5321576763485477 0.146875 0.44190871369294604
1 0.89375 0.44398340248962653 0.05625 0.16182572614107885
1 0.83359375 0.504149377593361 0.0421875 0.16182572614107885
1 0.9125000000000001 0.7562240663900415 0.078125 0.1887966804979253
1 0.5453125 0.7655601659751038 0.084375 0.2033195020746888
1 0.25859375 0.6753112033195021 0.1046875 0.2676348547717842
1 0.7781250000000001 0.11307053941908714 0.06875 0.11825726141078838
1 0.8445312500000001 0.0954356846473029 0.045312500000000006 0.12448132780082988
1 0.5 0.9159751037344398 0.09062500000000001 0.14730290456431536
0 0.46640625 0.14522821576763487 0.1328125 0.17842323651452283
0 0.453125 0.4004149377593361 0.12812500000000002 0.22821576763485477
0 0.671875 0.10477178423236515 0.06875 0.09336099585062241
