0 0.484375 0.6307053941908713 0.15000000000000002 0.2821576763485477
1 0.88203125 0.7095435684647303 0.0765625 0.26141078838174275
1 0.74765625 0.5985477178423236 0.060937500000000006 0.18464730290456433
1 0.7515625 0.2821576763485477 0.0625 0.17012448132780084
1 0.8445312500000001 0.21887966804979253 0.0671875 0.13485477178423236
0 0.66328125 0.8609958506224067 0.1609375 0.26556016597510373
0 0.640625 0.5020746887966805 0.15937500000000002 0.21991701244813278
0 0.45390625 0.24066390041493776 0.09531250000000001 0.17427385892116182
0 0.5906250000000001 0.18775933609958506 0.09062500000000001 0.15975103734439833
0 0.3296875 0.8713692946058091 0.22187500000000002 0.2572614107883817
1 0.7898437500000001 0.08091286307053942 0.045312500000000006 0.07468879668049792
1 0.5140625 0.07780082987551867 0.05 0.07676348547717843
