1 0.55078125 0.13278008298755187 0.0421875 0.1037344398340249
1 0.64609375 0.25933609958506226 0.051562500000000004 0.13278008298755187
1 0.47265625 0.32053941908713696 0.045312500000000006 0.13900414937759337
1 0.7953125000000001 0.22614107883817428 0.037500000000000006 0.13278008298755187
1 0.80859375 0.5736514522821576 0.060937500000000006 0.16804979253112035
1 0.7671875 0.8433609958506224 0.084375 0.25103734439834025
1 0.6492187500000001 0.6400414937759336 0.0390625 0.16390041493775934
1 0.51953125 0.700207468879668 0.0734375 0.2676348547717842
1 0.8460937500000001 0.07780082987551867 0.0546875 0.09336099585062241
0 0.7507812500000001 0.3744813278008299 0.0890625 0.18464730290456433
0 0.3828125 0.40145228215767637 0.13125 0.3132780082987552
1 0.66953125 0.49896265560165975 0.06406250000000001 0.14315352697095435
0 0.5578125 0.40975103734439833 0.134375 0.21784232365145229
