1 0.6351562500000001 0.1545643153526971 0.0671875 0.15145228215767634
1 0.67109375 0.5031120331950207 0.0484375 0.17219917012448133
1 0.80234375 0.5414937759336099 0.07968750000000001 0.1908713692946058
1 0.7312500000000001 0.6856846473029046 0.065625 0.21369294605809128
1 0.91328125 0.8869294605809128 0.0578125 0.22614107883817428
1 0.75703125 0.9107883817427386 0.0578125 0.17427385892116182
1 0.6484375 0.8755186721991701 0.06875 0.23651452282157676
0 0.50625 0.3257261410788382 0.13125 0.2074688796680498
0 0.31093750000000003 0.6639004149377593 0.15000000000000002 0.26556016597510373
0 0.5085937500000001 0.7230290456431535 0.18281250000000002 0.34232365145228216
0 0.7328125000000001 0.06535269709543569 0.06875 0.06431535269709543
