1 0.8015625000000001 0.13174273858921162 0.037500000000000006 0.1016597510373444
1 0.7859375000000001 0.3900414937759336 0.046875 0.13692946058091288
1 0.7625000000000001 0.7738589211618258 0.0625 0.21991701244813278
1 0.69921875 0.5943983402489627 0.0546875 0.1970954356846473
1 0.56640625 0.3578838174273859 0.0484375 0.15975103734439833
1 0.86484375 0.4979253112033195 0.051562500000000004 0.17842323651452283
1 0.7390625000000001 0.24688796680497926 0.0625 0.14522821576763487
0 0.60546875 0.2053941908713693 0.08281250000000001 0.16182572614107885
0 0.6875 0.42012448132780084 0.1125 0.18049792531120332
2 0.49296875 0.1338174273858921 0.1640625 0.18049792531120332
0 0.47265625 0.716804979253112 0.1765625 0.2800829875518672
0 0.2390625 0.8890041493775933 0.209375 0.2095435684647303
0 0.565625 0.9304979253112033 0.19062500000000002 0.13070539419087138
