0 0.3328125 0.7863070539419087 0.19687500000000002 0.35269709543568467
0 0.53046875 0.33402489626556015 0.1203125 0.19917012448132781
1 0.390625 0.3516597510373444 0.065625 0.16804979253112035
1 0.6468750000000001 0.3744813278008299 0.05625 0.17219917012448133
1 0.86875 0.2053941908713693 0.053125000000000006 0.14107883817427386
1 0.5703125 0.11721991701244813 0.037500000000000006 0.09336099585062241
1 0.76484375 0.10477178423236515 0.0421875 0.11410788381742738
1 0.69296875 0.4190871369294606 0.0390625 0.18672199170124482
1 0.921875 0.9076763485477178 0.07500000000000001 0.17634854771784234
1 0.70078125 0.9066390041493776 0.1203125 0.1825726141078838
