0 0.55859375 0.40767634854771784 0.1421875 0.21369294605809128
0 0.37343750000000003 0.8412863070539419 0.23750000000000002 0.31742738589211617
0 0.38359375 0.31016597510373445 0.1640625 0.23858921161825727
1 0.5921875 0.2033195020746888 0.0625 0.15767634854771784
1 0.7453125 0.16804979253112035 0.0625 0.14107883817427386
1 0.6984375 0.49377593360995853 0.07500000000000001 0.17842323651452283
1 0.4546875 0.49066390041493774 0.0625 0.21784232365145229
1 0.65 0.766597510373444 0.09375 0.2717842323651452
1 0.79453125 0.8713692946058091 0.07968750000000001 0.25311203319502074
0 0.6804687500000001 0.08609958506224066 0.0859375 0.12240663900414937
0 0.50703125 0.07780082987551867 0.1171875 0.09336099585062241
