0 0.36562500000000003 0.5373443983402489 0.1375 0.24481327800829875
0 0.675 0.17738589211618258 0.09062500000000001 0.14315352697095435
0 0.80234375 0.3329875518672199 0.1203125 0.17219917012448133
1 0.8390625 0.12240663900414937 0.037500000000000006 0.1078838174273859
1 0.88046875 0.6255186721991701 0.0671875 0.21369294605809128
1 0.7296875 0.5155601659751038 0.05625 0.1887966804979253
1 0.69296875 0.3744813278008299 0.0484375 0.15560165975103735
1 0.5703125 0.29564315352697096 0.046875 0.14315352697095435
1 0.5328125 0.10580912863070539 0.07187500000000001 0.12863070539419086
0 0.5398437500000001 0.8599585062240664 0.18281250000000002 0.27593360995850624
