0 0.5765625 0.7012448132780082 0.1875 0.36929460580912865
0 0.83515625 0.7219917012448133 0.11406250000000001 0.27800829875518673
1 0.8875000000000001 0.5487551867219918 0.065625 0.1887966804979253
1 0.77890625 0.17116182572614108 0.0484375 0.13485477178423236
1 0.83359375 0.2603734439834025 0.0484375 0.13485477178423236
1 0.69140625 0.258298755186722 0.0671875 0.14315352697095435
1 0.62109375 0.2053941908713693 0.0421875 0.13278008298755187
1 0.328125 0.39315352697095435 0.07500000000000001 0.17219917012448133
1 0.6804687500000001 0.07365145228215768 0.0484375 0.07261410788381743
0 0.5515625000000001 0.1275933609958506 0.12812500000000002 0.14315352697095435
1 0.44765625000000003 0.10684647302904564 0.051562500000000004 0.12240663900414937
0 0.31328125 0.8775933609958506 0.1921875 0.24481327800829875
