2 0.49921875000000004 0.5601659751037344 0.2078125 0.6473029045643154
1 0.6570312500000001 0.41804979253112035 0.0671875 0.17219917012448133
1 0.28046875 0.5798755186721992 0.09843750000000001 0.1970954356846473
1 0.77265625 0.29149377593361 0.0890625 0.15975103734439833
1 0.790625 0.5674273858921162 0.065625 0.15975103734439833
1 0.890625 0.691908713692946 0.07187500000000001 0.21369294605809128
1 0.875 0.4699170124481328 0.06875 0.16804979253112035
1 0.8968750000000001 0.91701244813278 0.065625 0.16182572614107885
0 0.7585937500000001 0.7946058091286307 0.13593750000000002 0.3029045643153527
0 0.7820312500000001 0.10062240663900415 0.09843750000000001 0.13070539419087138
0 0.41875 0.26556016597510373 0.15625 0.24481327800829875
0 0.6351562500000001 0.11721991701244813 0.1265625 0.15975103734439833
